0 20241227164000 10000001 0001 0001
0 20241227172825 00853573 0071 0078
0 20241227174925 00407796 0046 0051
0 20241227171603 00361819 0034 0071
2 20241227174509 00271864 0030 0038
2 20241227174316 00257871 0032 0037
0 20241227174023 00241879 0032 0035
0 20241227172334 00171914 0025 0030
0 20241227173000 00079960 0012 0019
0 20241227173350 00077961 0015 0020
2 20241227174545 00077961 0013 0018
0 20241227175109 00059970 0010 0015
0 20241227173259 00023988 0007 0012
0 20241227174401 00023988 0006 0011
1 20241227174509 00013993 0004 0009
0 20241227172053 00001999 0001 0006
0 20241227173726 00001999 0001 0006
0 20241227173800 00001999 0001 0006
0 20241227175246 00001999 0001 0006
2 20241227175310 00001999 0001 0006
0 20241227172206 00000000 0000 0000
0 20241227173545 00000000 0000 0000
0 20241227173642 00000000 0000 0000
0 20241227173830 00000000 0000 0000
0 20241227174059 00000000 0000 0000
1 20241227174149 00000000 0000 0000
2 20241227174149 00000000 0000 0000
1 20241227174316 00000000 0000 0000
1 20241227174545 00000000 0000 0000
1 20241227175310 00000000 0000 0000
