0 0 0 0 0 0 0 0 0 0 0 0 0 0 0 0 0 0 0 0
0 0 0 0 0 0 0 0 0 0 0 0 0 0 0 0 0 0 0 0
0 0 0 0 0 0 0 0 B B B B 0 0 0 0 0 0 0 0
0 0 0 0 0 0 B B 0 0 0 0 B B 0 0 0 0 0 0
0 0 0 0 0 B 0 0 0 0 0 0 0 0 B 0 0 0 0 0
0 0 0 0 B 0 0 0 0 0 0 0 0 0 0 B 0 0 0 0
0 0 0 0 B 0 0 0 0 0 0 0 0 0 0 B 0 0 0 0
0 0 0 B 0 0 D D 0 0 0 0 D D 0 0 B 0 0 0
0 0 0 B 0 D D D D 0 0 D D D D 0 B 0 0 0
0 0 0 B 0 D D D D 0 0 D D D D 0 B 0 0 0
0 0 0 B 0 0 D D 0 0 0 0 D D 0 0 B 0 0 0
0 0 0 B 0 0 0 0 0 0 0 0 0 0 0 0 B 0 0 0
0 0 0 B 0 0 0 0 0 0 0 0 0 0 0 0 B 0 0 0
0 0 0 B 0 0 0 0 0 0 0 0 0 0 0 0 B 0 0 0
0 0 0 B 0 0 0 0 0 0 0 0 0 0 0 0 B 0 0 0
0 0 0 B 0 0 0 0 0 0 0 0 0 0 0 0 B 0 0 0
0 0 0 B 0 0 0 0 0 0 0 0 0 0 0 0 B 0 0 0
0 0 0 B 0 0 0 0 0 0 0 0 0 0 0 0 B 0 0 0
0 0 0 B 0 0 0 0 0 0 0 0 0 0 0 0 B 0 0 0
0 0 0 B 0 0 0 0 0 0 0 0 0 0 0 0 B 0 0 0

0 0 0 B 0 0 0 0 0 0 0 0 0 0 0 0 B 0 0 0
0 0 0 B 0 0 0 0 0 0 0 0 0 0 0 0 B 0 0 0
0 0 0 B 0 0 0 0 0 0 0 0 0 0 0 0 B 0 0 0
0 0 0 B 0 0 0 0 0 0 0 0 0 0 0 0 B 0 0 0
0 0 0 B 0 0 0 0 0 0 0 0 0 0 0 0 B 0 0 0
0 0 0 B 0 0 0 0 0 0 0 0 0 0 0 0 B 0 0 0
0 0 0 B 0 0 0 0 0 0 0 0 0 0 0 0 B 0 0 0
0 0 0 B 0 0 0 0 0 0 0 0 0 0 0 0 B 0 0 0
0 0 0 B 0 0 0 0 0 0 0 0 0 0 0 0 B 0 0 0
0 0 0 B 0 0 0 0 0 0 0 0 0 0 0 0 B 0 0 0
0 0 0 B 0 0 0 0 0 0 0 0 0 0 0 0 B 0 0 0
0 0 0 B 0 0 0 0 0 0 0 0 0 0 0 0 B 0 0 0
0 0 0 B 0 0 0 0 0 0 0 0 0 0 0 0 B 0 0 0
0 0 0 B 0 0 0 0 0 0 0 0 0 0 0 0 B 0 0 0
0 0 0 B 0 0 0 0 0 0 0 0 0 0 0 0 B 0 0 0
0 0 0 B 0 0 0 0 0 0 0 0 0 0 0 0 B 0 0 0
0 0 0 B 0 0 0 0 0 0 0 0 0 0 0 0 B 0 0 0
0 0 0 B 0 0 0 0 0 0 0 0 0 0 0 0 B 0 0 0
0 0 0 B 0 0 0 0 0 0 0 0 0 0 0 0 B 0 0 0
0 0 0 B 0 0 0 0 0 0 0 0 0 0 0 0 B 0 0 0

0 0 0 B R R R R R R R R R R R R B 0 0 0
0 0 0 B R R R R R R R R R R R R B 0 0 0
0 0 B R R R R R R R R R R R R R B 0 0 0
B B R R R R R R R R R R R R R R B 0 0 0
R R R R R R R R R R R R R R R B 0 0 0 0
R R R R R R R R R R R R R R R B 0 0 0 0
R R R R R R R R R R R R R R R B 0 0 0 0
R R R R R R R R R R R R R R B 0 0 0 0 0
R R R R R R R R R R R R R R B 0 0 0 0 0
R R R R R R R R R R R R R B 0 0 0 0 0 0
R R R R R R R R R R R R B 0 0 0 0 0 0 0
R R R R R R R R R R R B 0 0 0 0 0 0 0 0
R R R R R R R R R R B 0 0 0 0 0 0 0 0 0
R R R R R R R R R B 0 0 0 0 0 0 0 0 0 0
R R R R R R R B B 0 0 0 0 0 0 0 0 0 0 0
R R R R B B B 0 0 0 0 0 0 0 0 0 0 0 0 0
B B B B 0 0 0 0 0 0 0 0 0 0 0 0 0 0 0 0
0 0 0 0 0 0 0 0 0 0 0 0 0 0 0 0 0 0 0 0
0 0 0 0 0 0 0 0 0 0 0 0 0 0 0 0 0 0 0 0
0 0 0 0 0 0 0 0 0 0 0 0 0 0 0 0 0 0 0 0

0 0 0 0 0 0 0 0 0 B B 0 0 0 0 0 0 0 0 0
0 0 0 0 0 0 0 0 0 B B 0 0 0 0 0 0 0 0 0
0 0 0 0 0 0 0 0 B 0 0 B 0 0 0 0 0 0 0 0
0 0 0 0 0 0 0 0 B 0 0 B 0 0 0 0 0 0 0 0
0 0 0 0 0 0 0 B 0 0 0 0 B 0 0 0 0 0 0 0
0 0 0 0 0 0 0 B 0 0 0 0 B 0 0 0 0 0 0 0
0 0 0 0 0 0 0 B 0 0 0 0 B 0 0 0 0 0 0 0
0 0 0 0 0 0 B 0 0 0 0 0 0 B 0 0 0 0 0 0
0 0 0 0 0 0 B 0 0 0 0 0 0 B 0 0 0 0 0 0
0 0 0 0 0 0 B 0 0 0 0 0 0 B 0 0 0 0 0 0
0 0 0 0 0 B 0 0 0 0 0 0 0 0 B 0 0 0 0 0
0 0 0 0 0 B 0 0 0 0 0 0 0 0 B 0 0 0 0 0
0 0 0 0 0 B 0 0 0 0 0 0 0 0 B 0 0 0 0 0
0 0 0 0 B 0 0 0 0 0 0 0 0 0 0 B 0 0 0 0
0 0 0 0 B 0 0 0 0 0 0 0 0 0 0 B 0 0 0 0
0 0 0 0 B 0 0 0 0 0 0 0 0 0 0 B 0 0 0 0
0 0 0 B 0 0 0 0 0 0 0 0 0 0 0 0 B 0 0 0
0 0 0 B 0 0 0 0 0 0 0 0 0 0 0 0 B 0 0 0
0 0 0 B 0 0 0 0 0 0 0 0 0 0 0 0 B 0 0 0
0 0 0 B 0 0 0 0 0 0 0 0 0 0 0 0 B 0 0 0